5 13852 13856 1503 10464 7716 3694 3704 3625 4409
8443 694 11012 3299 5606 7943 11607 2595 2599 2382
13052 10724 11065 2074 10886 5469 5 9392 14126 3187
12433 12817 1503 283 6983 4062 7188 2098 7716 5998
30 4487 10079 58 2403 9727 2626 9735 9857 5344
75 42 12008 129 1910 14418 5002 1842 1085 9265
42 75 12008 129 9041 9357 232 1855 2207 402
57 3138 14483 3323 12278 9021 14512 11655 7961 11671
4516 78 10156 1512 9137 12229 94 81 10177 2466
5040 104 1882 10062 11609 11970 12225 12236 374 12969
6666 8533 8536 8534 7039 6707 10576 2587 8387 8040
3933 125 9234 5272 11242 3377 6976 2952 418 11817
1799 3354 459 191 543 511 3959 1521 4831 12267
14544 211 13204 2213 2930 9573 12304 11702 13102 11118
12732 10262 48 12325 6951 220 100 4739 12470 12840
6342 8149 6954 5152 10693 8606 5315 5292 235 237
5166 13096 352 1521 1799 3354 5125 459 273 5123
4305 10330 8159 12786 4681 320 9756 9362 7640 4604
371 12992 13003 3401 8822 10569 4904 14376 4434 709
455 7123 8223 7878 5982 9815 530 2136 392 2460
5091 3856 6810 5117 129 474 8533 2176 2500 10471
817 811 13204 8016 13223 5707 8007 6894 50 687
851 6856 5072 5568 949 2909 7862 5664 3035 3990
1103 736 12890 3990 8536 9626 4473 5516 8433 10653
1184 793 800 1148 816 22 2764 14805 12215 13694
