8402 10815 9668 3377 1989 4761 8429 1741 1686 1719
11801 13185 11100 12433 12817 283 6983 4062 7188 5796
9570 14340 10860 12935 241 1094 8213 8554 12009 11392
11384 3507 368 10191 9015 129 8533 1889 2176 10471
798 2226 7940
9282 10370 10337 10652 10731 10075 10323 8584 9862 10368
11205 13946 9763 7576 11839 11852 8587 9217 2925 2074
7460 6068 2793 3310 2206 2765 1396 11278 11729 1015

3766 4177 1429 1493 5469 7590 10886 7352 3775 12045
11289 11295 3186 424 1719 5571 1324 8218 1167 509
5915 7940 9862 10871 3041 7862 9435 4164 4758 12530

4806
13842 9493 11682 9162 830 12303 3661 13889 10412 5980
7152 9463 3312 1686 10300 5037 11723 10816 10062 11892
7152 3364 11287 10621 5458 6344 4617 4711 4740 10665
5566 3874 5950 5571 5572 764 3886 10446 8788 1029
9264 4284 2497 10065 11395 7784 396 7057 12436 6825
2220 2847 6855 2325 7715 7874 8795 14582 4524 467
2954 6414 5152 12401 12417 12457 12473 10665 10781 1761
5571 5572 764 10446 1029 8788 10565 14166 12410 11527
406 12184 12331 12454 3440 3309 6496 7068 2635 8322
1225 10053 5984 5571 5572 75 4963 4981 764 1449
3830 4333 6855 2452 7888 2524 5533 8916 9989 6912
9925 9324 11465 3318 7912 13660 9735 5237 11997 10128
5329 7067 6650 3146 12441 13559 12940 8264 13067 7825
12250 6723 11945 12024 12910 1438 6427 4467 800 191
6886 5826 5474 8257 12424 11536 11071 10687 1785 13313
10065 12274 12112 12131 13059 12897 10092 7385 8491 9547
410 142 1225 8425 1525 12901 6743 1492 8012 4114
9862 5915 12996 2239 10871 9282 3041 7862 9435 2577
7468 9489 2559 9453 5209 11627 11638 13116 4021 6872
1665 11657 2926 10899 7737 8996 10596 7984 8367 2847
2323 776 7275 5975 14630 2944 11883 2853 895 3717
9282 10370 10337 10652 10731 10075 10323 8584 9862 10368